25  110,9   58,6    26,17
22  108,7   57  25,3
19  105,5   55,2    24,4
16  100 52,8    23,5
13  91,3    48,6    22,2
10  79,6    42,7    20,2
8   69,6    37,3    17,9
6   58,3    31,1    14,8
4   45,6    23,6    10,9
2   31,2    14,6    6,2
0   12,7    5,2 0,6

-25 -118,6   -62,2    -28
-22 -115,8   -60,5    -27,1
-19 -110,9   -58,4    -26,1
-16 -103,5   -55,2    -25,1
-13 -92,2    -50,2    -23,6
-10 -78,3    -43,4    -21,2
-8  -67,2    -37,5    -18,6
-6  -55,1    -30,5    -15,2
-4  -41,3    -22  -10,8
-2  -25,7    -12,9    -5,6
0   -8,8 -3   -0
